REPORT - Episodi per ogni iterazione (MAX STEP CAP: 30)
--------------------------------------------------------------------------------------------------------------------------------------------------------------
ITER   | EP  | HOLES | DISTANCE   | DIJK_DIST  | DIFF_%   | DEST_OK | STP/30  | DIJK_HOP | LAST_R     | RETURN     | MIN_R    | MAX_R    | MEAN_R   | STD_R   
--------------------------------------------------------------------------------------------------------------------------------------------------------------
ITER 1:  Concluded flows:  40.00% | Optimal route:   0.00% | Avg Deviat from Dijk: 180.82% | EP count: 10
--------------------------------------------------------------------------------------------------------------------------------------------------------------
1      | 1   | 5     | 62903.22   | 15985.03   |    -     | 0       | 23      | 5        | -1.0000    | -5.0000    | -1.0000  | -0.0000  | -0.2174  | 0.4125  
1      | 2   | 0     | 16173.54   | 15089.82   |    7.18% | 1       | 5       | 5        | 1.0000     | 1.0000     | 0.0000   | 1.0000   | 0.2000   | 0.4000  
1      | 3   | 5     | 20698.75   | 14874.80   |    -     | 0       | 11      | 5        | -1.0000    | -5.0000    | -1.0000  | -0.0000  | -0.4545  | 0.4979  
1      | 4   | 5     | 69810.92   | 21281.13   |    -     | 0       | 25      | 7        | -1.0000    | -5.0000    | -1.0000  | -0.0000  | -0.2000  | 0.4000  
1      | 5   | 1     | 98397.12   | 16423.54   |    -     | 0       | 30      | 5        | -1.0000    | -2.0000    | -1.0000  | -0.0000  | -0.0667  | 0.2494  
1      | 6   | 2     | 73320.64   | 14861.96   |  393.34% | 1       | 23      | 5        | 1.0000     | -1.0000    | -1.0000  | 1.0000   | -0.0435  | 0.3585  
1      | 7   | 5     | 10989.48   | 13683.03   |    -     | 0       | 8       | 5        | -1.0000    | -5.0000    | -1.0000  | 0.0000   | -0.6250  | 0.4841  
1      | 8   | 1     | 11666.08   | 6520.73    |   78.91% | 1       | 5       | 2        | 1.0000     | 0.0000     | -1.0000  | 1.0000   | 0.0000   | 0.6325  
1      | 9   | 4     | 44135.36   | 12836.00   |  243.84% | 1       | 17      | 5        | 1.0000     | -3.0000    | -1.0000  | 1.0000   | -0.1765  | 0.5128  
1      | 10  | 5     | 55715.38   | 13170.18   |    -     | 0       | 22      | 5        | -1.0000    | -5.0000    | -1.0000  | -0.0000  | -0.2273  | 0.4191  
==============================================================================================================================================================
ITER 2:  Concluded flows:  28.57% | Optimal route:   0.00% | Avg Deviat from Dijk: 325.95% | EP count: 7
--------------------------------------------------------------------------------------------------------------------------------------------------------------
2      | 1   | 3     | 52247.57   | 21305.89   |  145.23% | 1       | 18      | 7        | 1.0000     | -2.0000    | -1.0000  | 1.0000   | -0.1111  | 0.4581  
2      | 2   | 5     | 31553.41   | 2942.63    |    -     | 0       | 14      | 1        | -1.0000    | -5.0000    | -1.0000  | -0.0000  | -0.3571  | 0.4792  
2      | 3   | 3     | 92146.56   | 15188.97   |  506.67% | 1       | 30      | 5        | 1.0000     | -2.0000    | -1.0000  | 1.0000   | -0.0667  | 0.3590  
2      | 4   | 5     | 65322.28   | 5896.33    |    -     | 0       | 26      | 2        | -1.0000    | -5.0000    | -1.0000  | -0.0000  | -0.1923  | 0.3941  
2      | 5   | 5     | 19807.30   | 16995.04   |    -     | 0       | 11      | 5        | -1.0000    | -5.0000    | -1.0000  | -0.0000  | -0.4545  | 0.4979  
2      | 6   | 5     | 85209.37   | 22042.25   |    -     | 0       | 30      | 8        | -1.0000    | -5.0000    | -1.0000  | -0.0000  | -0.1667  | 0.3727  
2      | 7   | 4     | 89427.29   | 15029.71   |    -     | 0       | 30      | 5        | -1.0000    | -5.0000    | -1.0000  | -0.0000  | -0.1667  | 0.3727  
==============================================================================================================================================================
ITER 3:  Concluded flows:   0.00% | Optimal route:   0.00% | Avg Deviat from Dijk:   0.00% | EP count: 9
--------------------------------------------------------------------------------------------------------------------------------------------------------------
3      | 1   | 5     | 22359.37   | 16428.34   |    -     | 0       | 12      | 6        | -1.0000    | -5.0000    | -1.0000  | -0.0000  | -0.4167  | 0.4930  
3      | 2   | 5     | 30914.55   | 16210.96   |    -     | 0       | 15      | 5        | -1.0000    | -5.0000    | -1.0000  | -0.0000  | -0.3333  | 0.4714  
3      | 3   | 3     | 93207.03   | 21156.92   |    -     | 0       | 30      | 7        | -1.0000    | -4.0000    | -1.0000  | -0.0000  | -0.1333  | 0.3399  
3      | 4   | 5     | 21912.08   | 10836.61   |    -     | 0       | 12      | 3        | -1.0000    | -5.0000    | -1.0000  | -0.0000  | -0.4167  | 0.4930  
3      | 5   | 5     | 4323.41    | 15180.12   |    -     | 0       | 7       | 5        | -1.0000    | -5.0000    | -1.0000  | -0.0000  | -0.7143  | 0.4518  
3      | 6   | 5     | 59414.61   | 13170.18   |    -     | 0       | 24      | 5        | -1.0000    | -5.0000    | -1.0000  | -0.0000  | -0.2083  | 0.4061  
3      | 7   | 5     | 72358.35   | 13879.86   |    -     | 0       | 26      | 5        | -1.0000    | -5.0000    | -1.0000  | -0.0000  | -0.1923  | 0.3941  
3      | 8   | 5     | 18162.77   | 10668.41   |    -     | 0       | 10      | 3        | -1.0000    | -5.0000    | -1.0000  | 0.0000   | -0.5000  | 0.5000  
3      | 9   | 3     | 92627.33   | 13683.03   |    -     | 0       | 30      | 5        | -1.0000    | -3.0000    | -1.0000  | -0.0000  | -0.1000  | 0.3000  
==============================================================================================================================================================
ITER 4:  Concluded flows:  30.00% | Optimal route:   0.00% | Avg Deviat from Dijk: 294.61% | EP count: 10
--------------------------------------------------------------------------------------------------------------------------------------------------------------
4      | 1   | 3     | 51549.12   | 16210.96   |  217.99% | 1       | 18      | 5        | 1.0000     | -2.0000    | -1.0000  | 1.0000   | -0.1111  | 0.4581  
4      | 2   | 5     | 50712.50   | 12880.28   |    -     | 0       | 20      | 4        | -1.0000    | -5.0000    | -1.0000  | -0.0000  | -0.2500  | 0.4330  
4      | 3   | 5     | 31613.83   | 16721.22   |    -     | 0       | 14      | 5        | -1.0000    | -5.0000    | -1.0000  | -0.0000  | -0.3571  | 0.4792  
4      | 4   | 5     | 19492.37   | 17189.73   |    -     | 0       | 11      | 5        | -1.0000    | -5.0000    | -1.0000  | 0.0000   | -0.4545  | 0.4979  
4      | 5   | 3     | 27874.76   | 5043.23    |  452.72% | 1       | 11      | 2        | 1.0000     | -2.0000    | -1.0000  | 1.0000   | -0.1818  | 0.5750  
4      | 6   | 3     | 93405.18   | 11090.76   |    -     | 0       | 30      | 3        | -1.0000    | -4.0000    | -1.0000  | -0.0000  | -0.1333  | 0.3399  
4      | 7   | 0     | 47534.40   | 15180.12   |  213.14% | 1       | 16      | 5        | 1.0000     | 1.0000     | -0.0000  | 1.0000   | 0.0625   | 0.2421  
4      | 8   | 5     | 33434.77   | 14171.34   |    -     | 0       | 15      | 4        | -1.0000    | -5.0000    | -1.0000  | -0.0000  | -0.3333  | 0.4714  
4      | 9   | 5     | 16442.82   | 17543.50   |    -     | 0       | 10      | 6        | -1.0000    | -5.0000    | -1.0000  | 0.0000   | -0.5000  | 0.5000  
4      | 10  | 5     | 31423.30   | 16304.76   |    -     | 0       | 14      | 5        | -1.0000    | -5.0000    | -1.0000  | -0.0000  | -0.3571  | 0.4792  
==============================================================================================================================================================
ITER 5:  Concluded flows:  12.50% | Optimal route:   0.00% | Avg Deviat from Dijk: 195.77% | EP count: 8
--------------------------------------------------------------------------------------------------------------------------------------------------------------
5      | 1   | 5     | 50949.45   | 12746.09   |    -     | 0       | 22      | 4        | -1.0000    | -5.0000    | -1.0000  | -0.0000  | -0.2273  | 0.4191  
5      | 2   | 5     | 16061.85   | 13142.96   |    -     | 0       | 10      | 5        | -1.0000    | -5.0000    | -1.0000  | 0.0000   | -0.5000  | 0.5000  
5      | 3   | 3     | 90230.61   | 13376.64   |    -     | 0       | 30      | 4        | -1.0000    | -4.0000    | -1.0000  | -0.0000  | -0.1333  | 0.3399  
5      | 4   | 5     | 77767.61   | 4864.28    |    -     | 0       | 28      | 2        | -1.0000    | -5.0000    | -1.0000  | -0.0000  | -0.1786  | 0.3830  
5      | 5   | 1     | 56092.53   | 18964.71   |  195.77% | 1       | 18      | 5        | 1.0000     | 0.0000     | -1.0000  | 1.0000   | 0.0000   | 0.3333  
5      | 6   | 5     | 63215.06   | 17565.94   |    -     | 0       | 24      | 6        | -1.0000    | -5.0000    | -1.0000  | -0.0000  | -0.2083  | 0.4061  
5      | 7   | 5     | 31995.76   | 16283.27   |    -     | 0       | 14      | 5        | -1.0000    | -5.0000    | -1.0000  | -0.0000  | -0.3571  | 0.4792  
5      | 8   | 5     | 27531.90   | 17082.45   |    -     | 0       | 13      | 5        | -1.0000    | -5.0000    | -1.0000  | -0.0000  | -0.3846  | 0.4865  
==============================================================================================================================================================
ITER 6:  Concluded flows:  25.00% | Optimal route:   0.00% | Avg Deviat from Dijk: 196.04% | EP count: 8
--------------------------------------------------------------------------------------------------------------------------------------------------------------
6      | 1   | 5     | 42670.94   | 16423.54   |    -     | 0       | 18      | 5        | -1.0000    | -5.0000    | -1.0000  | -0.0000  | -0.2778  | 0.4479  
6      | 2   | 5     | 54040.97   | 11174.85   |    -     | 0       | 22      | 4        | -1.0000    | -5.0000    | -1.0000  | -0.0000  | -0.2273  | 0.4191  
6      | 3   | 3     | 91928.18   | 24627.04   |    -     | 0       | 30      | 7        | -1.0000    | -3.0000    | -1.0000  | -0.0000  | -0.1000  | 0.3000  
6      | 4   | 4     | 74916.01   | 16850.71   |  344.59% | 1       | 27      | 6        | 1.0000     | -3.0000    | -1.0000  | 1.0000   | -0.1111  | 0.4157  
6      | 5   | 4     | 86935.51   | 12950.94   |    -     | 0       | 30      | 4        | -1.0000    | -5.0000    | -1.0000  | -0.0000  | -0.1667  | 0.3727  
6      | 6   | 0     | 19966.59   | 13536.87   |   47.50% | 1       | 6       | 4        | 1.0000     | 1.0000     | -0.0000  | 1.0000   | 0.1667   | 0.3727  
6      | 7   | 5     | 21222.15   | 13033.80   |    -     | 0       | 12      | 4        | -1.0000    | -5.0000    | -1.0000  | -0.0000  | -0.4167  | 0.4930  
6      | 8   | 5     | 35575.18   | 15188.97   |    -     | 0       | 16      | 5        | -1.0000    | -5.0000    | -1.0000  | -0.0000  | -0.3125  | 0.4635  
==============================================================================================================================================================
ITER 7:  Concluded flows:  40.00% | Optimal route:   0.00% | Avg Deviat from Dijk: 284.39% | EP count: 10
--------------------------------------------------------------------------------------------------------------------------------------------------------------
7      | 1   | 5     | 32585.95   | 14874.80   |    -     | 0       | 14      | 5        | -1.0000    | -5.0000    | -1.0000  | -0.0000  | -0.3571  | 0.4792  
7      | 2   | 1     | 65168.54   | 17691.05   |  268.37% | 1       | 20      | 5        | 1.0000     | 0.0000     | -1.0000  | 1.0000   | 0.0000   | 0.3162  
7      | 3   | 1     | 28559.67   | 5450.38    |  423.99% | 1       | 9       | 2        | 1.0000     | 0.0000     | -1.0000  | 1.0000   | 0.0000   | 0.4714  
7      | 4   | 5     | 35451.92   | 13031.38   |    -     | 0       | 16      | 5        | -1.0000    | -5.0000    | -1.0000  | -0.0000  | -0.3125  | 0.4635  
7      | 5   | 0     | 44841.53   | 11184.52   |  300.92% | 1       | 14      | 4        | 1.0000     | 1.0000     | -0.0000  | 1.0000   | 0.0714   | 0.2575  
7      | 6   | 5     | 70069.94   | 6268.29    |    -     | 0       | 26      | 2        | -1.0000    | -5.0000    | -1.0000  | -0.0000  | -0.1923  | 0.3941  
7      | 7   | 5     | 42022.03   | 17082.45   |    -     | 0       | 18      | 5        | -1.0000    | -5.0000    | -1.0000  | -0.0000  | -0.2778  | 0.4479  
7      | 8   | 0     | 39006.95   | 15969.46   |  144.26% | 1       | 12      | 5        | 1.0000     | 1.0000     | -0.0000  | 1.0000   | 0.0833   | 0.2764  
7      | 9   | 5     | 36404.78   | 17210.29   |    -     | 0       | 17      | 6        | -1.0000    | -5.0000    | -1.0000  | -0.0000  | -0.2941  | 0.4556  
7      | 10  | 5     | 37681.71   | 17993.38   |    -     | 0       | 17      | 6        | -1.0000    | -5.0000    | -1.0000  | -0.0000  | -0.2941  | 0.4556  
==============================================================================================================================================================
ITER 8:  Concluded flows:  22.22% | Optimal route:   0.00% | Avg Deviat from Dijk: 122.87% | EP count: 9
--------------------------------------------------------------------------------------------------------------------------------------------------------------
8      | 1   | 0     | 19986.38   | 16995.04   |   17.60% | 1       | 6       | 5        | 1.0000     | 1.0000     | 0.0000   | 1.0000   | 0.1667   | 0.3727  
8      | 2   | 5     | 45441.34   | 16953.83   |    -     | 0       | 19      | 5        | -1.0000    | -5.0000    | -1.0000  | -0.0000  | -0.2632  | 0.4403  
8      | 3   | 5     | 40189.15   | 5939.94    |    -     | 0       | 17      | 2        | -1.0000    | -5.0000    | -1.0000  | -0.0000  | -0.2941  | 0.4556  
8      | 4   | 5     | 25199.95   | 18964.71   |    -     | 0       | 14      | 5        | -1.0000    | -5.0000    | -1.0000  | -0.0000  | -0.3571  | 0.4792  
8      | 5   | 5     | 44223.99   | 5242.77    |    -     | 0       | 19      | 2        | -1.0000    | -5.0000    | -1.0000  | -0.0000  | -0.2632  | 0.4403  
8      | 6   | 5     | 9203.34    | 18800.97   |    -     | 0       | 8       | 5        | -1.0000    | -5.0000    | -1.0000  | 0.0000   | -0.6250  | 0.4841  
8      | 7   | 2     | 44845.39   | 13666.59   |  228.14% | 1       | 16      | 5        | 1.0000     | -1.0000    | -1.0000  | 1.0000   | -0.0625  | 0.4285  
8      | 8   | 5     | 70395.30   | 16962.86   |    -     | 0       | 26      | 5        | -1.0000    | -5.0000    | -1.0000  | -0.0000  | -0.1923  | 0.3941  
8      | 9   | 5     | 82061.06   | 13720.40   |    -     | 0       | 29      | 5        | -1.0000    | -5.0000    | -1.0000  | -0.0000  | -0.1724  | 0.3777  
==============================================================================================================================================================
ITER 9:  Concluded flows:  25.00% | Optimal route:   0.00% | Avg Deviat from Dijk: 157.35% | EP count: 8
--------------------------------------------------------------------------------------------------------------------------------------------------------------
9      | 1   | 2     | 53501.06   | 16968.82   |  215.29% | 1       | 20      | 5        | 1.0000     | -1.0000    | -1.0000  | 1.0000   | -0.0500  | 0.3841  
9      | 2   | 5     | 21112.27   | 16656.12   |    -     | 0       | 12      | 6        | -1.0000    | -5.0000    | -1.0000  | -0.0000  | -0.4167  | 0.4930  
9      | 3   | 5     | 48246.83   | 16560.90   |    -     | 0       | 20      | 5        | -1.0000    | -5.0000    | -1.0000  | -0.0000  | -0.2500  | 0.4330  
9      | 4   | 5     | 35357.37   | 17189.73   |    -     | 0       | 15      | 5        | -1.0000    | -5.0000    | -1.0000  | -0.0000  | -0.3333  | 0.4714  
9      | 5   | 5     | 46128.75   | 15273.44   |    -     | 0       | 20      | 5        | -1.0000    | -5.0000    | -1.0000  | -0.0000  | -0.2500  | 0.4330  
9      | 6   | 4     | 37897.15   | 19004.78   |   99.41% | 1       | 15      | 5        | 1.0000     | -3.0000    | -1.0000  | 1.0000   | -0.2000  | 0.5416  
9      | 7   | 5     | 63836.95   | 7584.91    |    -     | 0       | 24      | 2        | -1.0000    | -5.0000    | -1.0000  | -0.0000  | -0.2083  | 0.4061  
9      | 8   | 5     | 62881.46   | 7584.91    |    -     | 0       | 24      | 2        | -1.0000    | -5.0000    | -1.0000  | -0.0000  | -0.2083  | 0.4061  
==============================================================================================================================================================
ITER 10:  Concluded flows:  20.00% | Optimal route:   0.00% | Avg Deviat from Dijk:  58.83% | EP count: 10
--------------------------------------------------------------------------------------------------------------------------------------------------------------
10     | 1   | 1     | 16093.20   | 15002.62   |    7.27% | 1       | 6       | 5        | 1.0000     | 0.0000     | -1.0000  | 1.0000   | 0.0000   | 0.5774  
10     | 2   | 5     | 26993.18   | 17973.84   |    -     | 0       | 13      | 5        | -1.0000    | -5.0000    | -1.0000  | 0.0000   | -0.3846  | 0.4865  
10     | 3   | 5     | 75516.15   | 13376.64   |    -     | 0       | 27      | 4        | -1.0000    | -5.0000    | -1.0000  | -0.0000  | -0.1852  | 0.3884  
10     | 4   | 5     | 32685.63   | 16340.04   |    -     | 0       | 15      | 5        | -1.0000    | -5.0000    | -1.0000  | -0.0000  | -0.3333  | 0.4714  
10     | 5   | 5     | 17599.81   | 17930.85   |    -     | 0       | 10      | 5        | -1.0000    | -5.0000    | -1.0000  | 0.0000   | -0.5000  | 0.5000  
10     | 6   | 2     | 100278.26  | 6473.00    |    -     | 0       | 30      | 2        | -1.0000    | -3.0000    | -1.0000  | -0.0000  | -0.1000  | 0.3000  
10     | 7   | 1     | 23719.46   | 11274.42   |  110.38% | 1       | 9       | 4        | 1.0000     | 0.0000     | -1.0000  | 1.0000   | 0.0000   | 0.4714  
10     | 8   | 5     | 64442.74   | 15640.77   |    -     | 0       | 25      | 5        | -1.0000    | -5.0000    | -1.0000  | -0.0000  | -0.2000  | 0.4000  
10     | 9   | 5     | 31554.28   | 16668.20   |    -     | 0       | 14      | 5        | -1.0000    | -5.0000    | -1.0000  | -0.0000  | -0.3571  | 0.4792  
10     | 10  | 5     | 24629.95   | 17378.97   |    -     | 0       | 12      | 6        | -1.0000    | -5.0000    | -1.0000  | -0.0000  | -0.4167  | 0.4930  
==============================================================================================================================================================
ITER 11:  Concluded flows:  25.00% | Optimal route:   0.00% | Avg Deviat from Dijk: 152.60% | EP count: 12
--------------------------------------------------------------------------------------------------------------------------------------------------------------
11     | 1   | 5     | 23715.23   | 12950.94   |    -     | 0       | 12      | 4        | -1.0000    | -5.0000    | -1.0000  | -0.0000  | -0.4167  | 0.4930  
11     | 2   | 5     | 43634.72   | 12779.64   |    -     | 0       | 17      | 4        | -1.0000    | -5.0000    | -1.0000  | -0.0000  | -0.2941  | 0.4556  
11     | 3   | 5     | 20631.22   | 16861.75   |    -     | 0       | 11      | 7        | -1.0000    | -5.0000    | -1.0000  | -0.0000  | -0.4545  | 0.4979  
11     | 4   | 5     | 38463.96   | 17452.80   |    -     | 0       | 17      | 6        | -1.0000    | -5.0000    | -1.0000  | -0.0000  | -0.2941  | 0.4556  
11     | 5   | 5     | 9969.46    | 10915.56   |    -     | 0       | 8       | 3        | -1.0000    | -5.0000    | -1.0000  | 0.0000   | -0.6250  | 0.4841  
11     | 6   | 1     | 37756.73   | 17543.50   |  115.22% | 1       | 14      | 6        | 1.0000     | 0.0000     | -1.0000  | 1.0000   | 0.0000   | 0.3780  
11     | 7   | 5     | 14671.10   | 12806.98   |    -     | 0       | 9       | 4        | -1.0000    | -5.0000    | -1.0000  | 0.0000   | -0.5556  | 0.4969  
11     | 8   | 5     | 22517.39   | 5585.60    |    -     | 0       | 12      | 2        | -1.0000    | -5.0000    | -1.0000  | -0.0000  | -0.4167  | 0.4930  
11     | 9   | 5     | 72298.95   | 5223.97    |    -     | 0       | 27      | 2        | -1.0000    | -5.0000    | -1.0000  | -0.0000  | -0.1852  | 0.3884  
11     | 10  | 3     | 31838.68   | 16953.83   |   87.80% | 1       | 13      | 5        | 1.0000     | -2.0000    | -1.0000  | 1.0000   | -0.1538  | 0.5329  
11     | 11  | 5     | 2903.70    | 21576.68   |    -     | 0       | 6       | 6        | -1.0000    | -5.0000    | -1.0000  | 0.0000   | -0.8333  | 0.3727  
11     | 12  | 2     | 39329.03   | 11085.27   |  254.79% | 1       | 14      | 4        | 1.0000     | -1.0000    | -1.0000  | 1.0000   | -0.0714  | 0.4574  
==============================================================================================================================================================
ITER 12:  Concluded flows:  33.33% | Optimal route:   0.00% | Avg Deviat from Dijk: 648.56% | EP count: 9
--------------------------------------------------------------------------------------------------------------------------------------------------------------
12     | 1   | 5     | 7485.38    | 16228.39   |    -     | 0       | 7       | 5        | -1.0000    | -5.0000    | -1.0000  | 0.0000   | -0.7143  | 0.4518  
12     | 2   | 4     | 64094.84   | 7584.91    |  745.03% | 1       | 22      | 2        | 1.0000     | -3.0000    | -1.0000  | 1.0000   | -0.1364  | 0.4568  
12     | 3   | 5     | 57575.77   | 15188.97   |    -     | 0       | 22      | 5        | -1.0000    | -5.0000    | -1.0000  | -0.0000  | -0.2273  | 0.4191  
12     | 4   | 5     | 7208.24    | 13759.28   |    -     | 0       | 7       | 5        | -1.0000    | -5.0000    | -1.0000  | 0.0000   | -0.7143  | 0.4518  
12     | 5   | 1     | 63590.72   | 4953.44    | 1183.77% | 1       | 21      | 2        | 1.0000     | 0.0000     | -1.0000  | 1.0000   | 0.0000   | 0.3086  
12     | 6   | 2     | 88986.99   | 17358.97   |    -     | 0       | 30      | 6        | -1.0000    | -3.0000    | -1.0000  | -0.0000  | -0.1000  | 0.3000  
12     | 7   | 3     | 89293.38   | 15985.03   |    -     | 0       | 30      | 5        | -1.0000    | -4.0000    | -1.0000  | -0.0000  | -0.1333  | 0.3399  
12     | 8   | 0     | 13864.23   | 11861.23   |   16.89% | 1       | 4       | 4        | 1.0000     | 1.0000     | 0.0000   | 1.0000   | 0.2500   | 0.4330  
12     | 9   | 5     | 36676.63   | 22042.25   |    -     | 0       | 16      | 8        | -1.0000    | -5.0000    | -1.0000  | -0.0000  | -0.3125  | 0.4635  
==============================================================================================================================================================
ITER 13:  Concluded flows:  16.67% | Optimal route:   0.00% | Avg Deviat from Dijk: 227.33% | EP count: 6
--------------------------------------------------------------------------------------------------------------------------------------------------------------
13     | 1   | 5     | 82522.95   | 13145.08   |    -     | 0       | 30      | 4        | -1.0000    | -5.0000    | -1.0000  | -0.0000  | -0.1667  | 0.3727  
13     | 2   | 5     | 50807.21   | 13666.29   |    -     | 0       | 21      | 5        | -1.0000    | -5.0000    | -1.0000  | -0.0000  | -0.2381  | 0.4259  
13     | 3   | 4     | 81466.45   | 24887.92   |  227.33% | 1       | 28      | 7        | 1.0000     | -3.0000    | -1.0000  | 1.0000   | -0.1071  | 0.4088  
13     | 4   | 4     | 88122.21   | 21113.30   |    -     | 0       | 30      | 6        | -1.0000    | -5.0000    | -1.0000  | -0.0000  | -0.1667  | 0.3727  
13     | 5   | 5     | 76760.04   | 13756.90   |    -     | 0       | 30      | 5        | -1.0000    | -5.0000    | -1.0000  | -0.0000  | -0.1667  | 0.3727  
13     | 6   | 5     | 83505.57   | 12810.74   |    -     | 0       | 30      | 4        | -1.0000    | -5.0000    | -1.0000  | -0.0000  | -0.1667  | 0.3727  
==============================================================================================================================================================
ITER 14:  Concluded flows:  14.29% | Optimal route:   0.00% | Avg Deviat from Dijk: 343.61% | EP count: 7
--------------------------------------------------------------------------------------------------------------------------------------------------------------
14     | 1   | 1     | 99362.14   | 13031.38   |    -     | 0       | 30      | 5        | -1.0000    | -2.0000    | -1.0000  | -0.0000  | -0.0667  | 0.2494  
14     | 2   | 5     | 74287.50   | 13647.48   |    -     | 0       | 27      | 5        | -1.0000    | -5.0000    | -1.0000  | -0.0000  | -0.1852  | 0.3884  
14     | 3   | 3     | 57818.79   | 13033.80   |  343.61% | 1       | 20      | 4        | 1.0000     | -2.0000    | -1.0000  | 1.0000   | -0.1000  | 0.4359  
14     | 4   | 5     | 50545.24   | 17543.50   |    -     | 0       | 20      | 6        | -1.0000    | -5.0000    | -1.0000  | -0.0000  | -0.2500  | 0.4330  
14     | 5   | 5     | 46400.13   | 17019.24   |    -     | 0       | 20      | 5        | -1.0000    | -5.0000    | -1.0000  | -0.0000  | -0.2500  | 0.4330  
14     | 6   | 5     | 61146.69   | 16968.46   |    -     | 0       | 24      | 5        | -1.0000    | -5.0000    | -1.0000  | -0.0000  | -0.2083  | 0.4061  
14     | 7   | 5     | 62163.60   | 16396.55   |    -     | 0       | 23      | 5        | -1.0000    | -5.0000    | -1.0000  | -0.0000  | -0.2174  | 0.4125  
==============================================================================================================================================================
ITER 15:  Concluded flows:  16.67% | Optimal route:   0.00% | Avg Deviat from Dijk: 237.18% | EP count: 6
--------------------------------------------------------------------------------------------------------------------------------------------------------------
15     | 1   | 2     | 47102.18   | 13969.53   |  237.18% | 1       | 17      | 5        | 1.0000     | -1.0000    | -1.0000  | 1.0000   | -0.0588  | 0.4159  
15     | 2   | 5     | 55244.40   | 11703.00   |    -     | 0       | 22      | 4        | -1.0000    | -5.0000    | -1.0000  | -0.0000  | -0.2273  | 0.4191  
15     | 3   | 4     | 87698.69   | 11311.91   |    -     | 0       | 30      | 4        | -1.0000    | -5.0000    | -1.0000  | -0.0000  | -0.1667  | 0.3727  
15     | 4   | 3     | 86081.41   | 16443.29   |    -     | 0       | 30      | 5        | -1.0000    | -4.0000    | -1.0000  | -0.0000  | -0.1333  | 0.3399  
15     | 5   | 5     | 76063.66   | 19004.78   |    -     | 0       | 28      | 5        | -1.0000    | -5.0000    | -1.0000  | -0.0000  | -0.1786  | 0.3830  
15     | 6   | 5     | 72059.95   | 7449.82    |    -     | 0       | 26      | 2        | -1.0000    | -5.0000    | -1.0000  | -0.0000  | -0.1923  | 0.3941  
==============================================================================================================================================================
ITER 16:  Concluded flows:  22.22% | Optimal route:   0.00% | Avg Deviat from Dijk:  91.13% | EP count: 9
--------------------------------------------------------------------------------------------------------------------------------------------------------------
16     | 1   | 5     | 84374.79   | 16340.04   |    -     | 0       | 30      | 5        | -1.0000    | -5.0000    | -1.0000  | -0.0000  | -0.1667  | 0.3727  
16     | 2   | 5     | 17854.92   | 10711.72   |    -     | 0       | 11      | 3        | -1.0000    | -5.0000    | -1.0000  | -0.0000  | -0.4545  | 0.4979  
16     | 3   | 5     | 16012.16   | 6520.73    |    -     | 0       | 10      | 2        | -1.0000    | -5.0000    | -1.0000  | -0.0000  | -0.5000  | 0.5000  
16     | 4   | 4     | 47590.99   | 20529.66   |  131.82% | 1       | 18      | 7        | 1.0000     | -3.0000    | -1.0000  | 1.0000   | -0.1667  | 0.5000  
16     | 5   | 5     | 28675.79   | 13672.51   |    -     | 0       | 15      | 4        | -1.0000    | -5.0000    | -1.0000  | -0.0000  | -0.3333  | 0.4714  
16     | 6   | 5     | 56776.70   | 21060.39   |    -     | 0       | 21      | 7        | -1.0000    | -5.0000    | -1.0000  | -0.0000  | -0.2381  | 0.4259  
16     | 7   | 1     | 24408.64   | 16224.40   |   50.44% | 1       | 9       | 5        | 1.0000     | 0.0000     | -1.0000  | 1.0000   | 0.0000   | 0.4714  
16     | 8   | 4     | 88142.62   | 13756.90   |    -     | 0       | 30      | 5        | -1.0000    | -4.0000    | -1.0000  | -0.0000  | -0.1333  | 0.3399  
16     | 9   | 5     | 18630.46   | 17358.97   |    -     | 0       | 12      | 6        | -1.0000    | -5.0000    | -1.0000  | -0.0000  | -0.4167  | 0.4930  
==============================================================================================================================================================
ITER 17:  Concluded flows:  11.11% | Optimal route:   0.00% | Avg Deviat from Dijk:  94.11% | EP count: 9
--------------------------------------------------------------------------------------------------------------------------------------------------------------
17     | 1   | 5     | 44360.75   | 13145.08   |    -     | 0       | 18      | 4        | -1.0000    | -5.0000    | -1.0000  | -0.0000  | -0.2778  | 0.4479  
17     | 2   | 0     | 30922.45   | 15930.78   |   94.11% | 1       | 9       | 5        | 1.0000     | 1.0000     | 0.0000   | 1.0000   | 0.1111   | 0.3143  
17     | 3   | 3     | 90895.68   | 13022.97   |    -     | 0       | 30      | 4        | -1.0000    | -4.0000    | -1.0000  | -0.0000  | -0.1333  | 0.3399  
17     | 4   | 5     | 79076.97   | 9881.09    |    -     | 0       | 28      | 3        | -1.0000    | -5.0000    | -1.0000  | -0.0000  | -0.1786  | 0.3830  
17     | 5   | 5     | 44086.79   | 4953.44    |    -     | 0       | 18      | 2        | -1.0000    | -5.0000    | -1.0000  | -0.0000  | -0.2778  | 0.4479  
17     | 6   | 5     | 57613.49   | 13741.11   |    -     | 0       | 22      | 5        | -1.0000    | -5.0000    | -1.0000  | -0.0000  | -0.2273  | 0.4191  
17     | 7   | 5     | 13718.69   | 13105.22   |    -     | 0       | 10      | 4        | -1.0000    | -5.0000    | -1.0000  | 0.0000   | -0.5000  | 0.5000  
17     | 8   | 5     | 9677.86    | 18810.01   |    -     | 0       | 8       | 5        | -1.0000    | -5.0000    | -1.0000  | 0.0000   | -0.6250  | 0.4841  
17     | 9   | 5     | 80671.27   | 11792.77   |    -     | 0       | 28      | 4        | -1.0000    | -5.0000    | -1.0000  | -0.0000  | -0.1786  | 0.3830  
==============================================================================================================================================================
ITER 18:  Concluded flows:  37.50% | Optimal route:  12.50% | Avg Deviat from Dijk: 235.37% | EP count: 8
--------------------------------------------------------------------------------------------------------------------------------------------------------------
18     | 1   | 0     | 41367.25   | 13573.35   |  204.77% | 1       | 12      | 4        | 1.0000     | 1.0000     | -0.0000  | 1.0000   | 0.0833   | 0.2764  
18     | 2   | 5     | 18994.57   | 15273.44   |    -     | 0       | 11      | 5        | -1.0000    | -5.0000    | -1.0000  | 0.0000   | -0.4545  | 0.4979  
18     | 3   | 0     | 16560.90   | 16560.90   |    0.00% | 1       | 5       | 5        | 1.0000     | 1.0000     | 0.0000   | 1.0000   | 0.2000   | 0.4000  
18     | 4   | 4     | 89098.59   | 20943.90   |    -     | 0       | 30      | 7        | -1.0000    | -5.0000    | -1.0000  | -0.0000  | -0.1667  | 0.3727  
18     | 5   | 5     | 27840.19   | 16340.04   |    -     | 0       | 13      | 5        | -1.0000    | -5.0000    | -1.0000  | 0.0000   | -0.3846  | 0.4865  
18     | 6   | 4     | 84968.73   | 5764.20    |    -     | 0       | 30      | 2        | -1.0000    | -5.0000    | -1.0000  | -0.0000  | -0.1667  | 0.3727  
18     | 7   | 4     | 84674.88   | 14081.34   |  501.33% | 1       | 29      | 5        | 1.0000     | -3.0000    | -1.0000  | 1.0000   | -0.1034  | 0.4021  
18     | 8   | 5     | 63164.59   | 16506.09   |    -     | 0       | 24      | 5        | -1.0000    | -5.0000    | -1.0000  | -0.0000  | -0.2083  | 0.4061  
==============================================================================================================================================================
ITER 19:  Concluded flows:  44.44% | Optimal route:   0.00% | Avg Deviat from Dijk: 245.92% | EP count: 9
--------------------------------------------------------------------------------------------------------------------------------------------------------------
19     | 1   | 5     | 24794.88   | 16506.09   |    -     | 0       | 12      | 5        | -1.0000    | -5.0000    | -1.0000  | -0.0000  | -0.4167  | 0.4930  
19     | 2   | 5     | 3641.82    | 10754.20   |    -     | 0       | 6       | 3        | -1.0000    | -5.0000    | -1.0000  | 0.0000   | -0.8333  | 0.3727  
19     | 3   | 0     | 22433.05   | 13756.90   |   63.07% | 1       | 7       | 5        | 1.0000     | 1.0000     | -0.0000  | 1.0000   | 0.1429   | 0.3499  
19     | 4   | 1     | 39117.79   | 21434.13   |   82.50% | 1       | 12      | 7        | 1.0000     | 0.0000     | -1.0000  | 1.0000   | 0.0000   | 0.4082  
19     | 5   | 2     | 93921.26   | 16312.93   |    -     | 0       | 30      | 5        | -1.0000    | -3.0000    | -1.0000  | -0.0000  | -0.1000  | 0.3000  
19     | 6   | 3     | 69120.81   | 15152.01   |  356.18% | 1       | 24      | 5        | 1.0000     | -2.0000    | -1.0000  | 1.0000   | -0.0833  | 0.3997  
19     | 7   | 5     | 49034.58   | 12779.52   |    -     | 0       | 19      | 4        | -1.0000    | -5.0000    | -1.0000  | -0.0000  | -0.2632  | 0.4403  
19     | 8   | 2     | 87970.17   | 15116.88   |  481.93% | 1       | 28      | 5        | 1.0000     | -1.0000    | -1.0000  | 1.0000   | -0.0357  | 0.3254  
19     | 9   | 2     | 97939.22   | 12900.01   |    -     | 0       | 30      | 4        | -1.0000    | -3.0000    | -1.0000  | -0.0000  | -0.1000  | 0.3000  
==============================================================================================================================================================
ITER 20:  Concluded flows:  42.86% | Optimal route:   0.00% | Avg Deviat from Dijk: 203.97% | EP count: 7
--------------------------------------------------------------------------------------------------------------------------------------------------------------
20     | 1   | 0     | 85565.59   | 15152.01   |  464.71% | 1       | 26      | 5        | 1.0000     | 1.0000     | -0.0000  | 1.0000   | 0.0385   | 0.1923  
20     | 2   | 1     | 95647.64   | 16228.39   |    -     | 0       | 30      | 5        | -1.0000    | -2.0000    | -1.0000  | -0.0000  | -0.0667  | 0.2494  
20     | 3   | 0     | 27816.99   | 17498.63   |   58.97% | 1       | 8       | 6        | 1.0000     | 1.0000     | -0.0000  | 1.0000   | 0.1250   | 0.3307  
20     | 4   | 1     | 35354.68   | 18782.30   |   88.23% | 1       | 11      | 5        | 1.0000     | 0.0000     | -1.0000  | 1.0000   | 0.0000   | 0.4264  
20     | 5   | 4     | 87448.59   | 13170.18   |    -     | 0       | 30      | 5        | -1.0000    | -5.0000    | -1.0000  | -0.0000  | -0.1667  | 0.3727  
20     | 6   | 5     | 47385.88   | 11724.19   |    -     | 0       | 19      | 4        | -1.0000    | -5.0000    | -1.0000  | -0.0000  | -0.2632  | 0.4403  
20     | 7   | 4     | 85838.06   | 16993.56   |    -     | 0       | 30      | 6        | -1.0000    | -5.0000    | -1.0000  | -0.0000  | -0.1667  | 0.3727  
==============================================================================================================================================================
ITER 21:  Concluded flows:  33.33% | Optimal route:   0.00% | Avg Deviat from Dijk: 197.06% | EP count: 9
--------------------------------------------------------------------------------------------------------------------------------------------------------------
21     | 1   | 5     | 39864.98   | 2861.88    |    -     | 0       | 17      | 1        | -1.0000    | -5.0000    | -1.0000  | -0.0000  | -0.2941  | 0.4556  
21     | 2   | 5     | 5564.24    | 13142.96   |    -     | 0       | 7       | 5        | -1.0000    | -5.0000    | -1.0000  | 0.0000   | -0.7143  | 0.4518  
21     | 3   | 0     | 37454.60   | 19680.80   |   90.31% | 1       | 11      | 6        | 1.0000     | 1.0000     | -0.0000  | 1.0000   | 0.0909   | 0.2875  
21     | 4   | 5     | 35545.40   | 20931.73   |    -     | 0       | 16      | 6        | -1.0000    | -5.0000    | -1.0000  | -0.0000  | -0.3125  | 0.4635  
21     | 5   | 3     | 92290.88   | 17678.77   |    -     | 0       | 30      | 6        | -1.0000    | -3.0000    | -1.0000  | -0.0000  | -0.1000  | 0.3000  
21     | 6   | 3     | 80843.00   | 14303.17   |  465.21% | 1       | 28      | 5        | 1.0000     | -2.0000    | -1.0000  | 1.0000   | -0.0714  | 0.3712  
21     | 7   | 5     | 84883.37   | 17430.20   |    -     | 0       | 29      | 6        | -1.0000    | -5.0000    | -1.0000  | -0.0000  | -0.1724  | 0.3777  
21     | 8   | 2     | 18450.10   | 13600.25   |   35.66% | 1       | 8       | 4        | 1.0000     | -1.0000    | -1.0000  | 1.0000   | -0.1250  | 0.5995  
21     | 9   | 5     | 55559.15   | 9754.30    |    -     | 0       | 21      | 3        | -1.0000    | -5.0000    | -1.0000  | -0.0000  | -0.2381  | 0.4259  
==============================================================================================================================================================
ITER 22:  Concluded flows:  10.00% | Optimal route:   0.00% | Avg Deviat from Dijk: 110.61% | EP count: 10
--------------------------------------------------------------------------------------------------------------------------------------------------------------
22     | 1   | 5     | 24504.53   | 12919.96   |    -     | 0       | 12      | 5        | -1.0000    | -5.0000    | -1.0000  | 0.0000   | -0.4167  | 0.4930  
22     | 2   | 5     | 3645.28    | 13358.35   |    -     | 0       | 6       | 4        | -1.0000    | -5.0000    | -1.0000  | 0.0000   | -0.8333  | 0.3727  
22     | 3   | 5     | 5235.62    | 11380.58   |    -     | 0       | 7       | 4        | -1.0000    | -5.0000    | -1.0000  | -0.0000  | -0.7143  | 0.4518  
22     | 4   | 5     | 32783.54   | 16371.65   |    -     | 0       | 15      | 5        | -1.0000    | -5.0000    | -1.0000  | -0.0000  | -0.3333  | 0.4714  
22     | 5   | 5     | 29445.79   | 13105.22   |    -     | 0       | 14      | 4        | -1.0000    | -5.0000    | -1.0000  | -0.0000  | -0.3571  | 0.4792  
22     | 6   | 5     | 31946.07   | 11062.81   |    -     | 0       | 15      | 3        | -1.0000    | -5.0000    | -1.0000  | -0.0000  | -0.3333  | 0.4714  
22     | 7   | 5     | 31135.55   | 16747.71   |    -     | 0       | 14      | 5        | -1.0000    | -5.0000    | -1.0000  | -0.0000  | -0.3571  | 0.4792  
22     | 8   | 4     | 88976.08   | 20744.53   |    -     | 0       | 30      | 7        | -1.0000    | -5.0000    | -1.0000  | -0.0000  | -0.1667  | 0.3727  
22     | 9   | 1     | 96547.84   | 7109.30    |    -     | 0       | 30      | 2        | -1.0000    | -2.0000    | -1.0000  | -0.0000  | -0.0667  | 0.2494  
22     | 10  | 3     | 31364.18   | 14892.39   |  110.61% | 1       | 12      | 5        | 1.0000     | -2.0000    | -1.0000  | 1.0000   | -0.1667  | 0.5528  
==============================================================================================================================================================
ITER 23:  Concluded flows:  37.50% | Optimal route:   0.00% | Avg Deviat from Dijk: 104.77% | EP count: 8
--------------------------------------------------------------------------------------------------------------------------------------------------------------
23     | 1   | 4     | 86126.40   | 20931.73   |    -     | 0       | 30      | 6        | -1.0000    | -5.0000    | -1.0000  | -0.0000  | -0.1667  | 0.3727  
23     | 2   | 2     | 60990.27   | 21231.42   |  187.26% | 1       | 19      | 6        | 1.0000     | -1.0000    | -1.0000  | 1.0000   | -0.0526  | 0.3939  
23     | 3   | 0     | 22172.81   | 10624.27   |  108.70% | 1       | 7       | 3        | 1.0000     | 1.0000     | -0.0000  | 1.0000   | 0.1429   | 0.3499  
23     | 4   | 5     | 79836.34   | 15029.71   |    -     | 0       | 28      | 5        | -1.0000    | -5.0000    | -1.0000  | -0.0000  | -0.1786  | 0.3830  
23     | 5   | 1     | 102437.18  | 11062.81   |    -     | 0       | 30      | 3        | -1.0000    | -2.0000    | -1.0000  | -0.0000  | -0.0667  | 0.2494  
23     | 6   | 1     | 102566.28  | 18005.35   |    -     | 0       | 30      | 6        | -1.0000    | -2.0000    | -1.0000  | -0.0000  | -0.0667  | 0.2494  
23     | 7   | 0     | 7219.91    | 6100.61    |   18.35% | 1       | 2       | 2        | 1.0000     | 1.0000     | 0.0000   | 1.0000   | 0.5000   | 0.5000  
23     | 8   | 5     | 57454.59   | 16847.27   |    -     | 0       | 22      | 7        | -1.0000    | -5.0000    | -1.0000  | -0.0000  | -0.2273  | 0.4191  
==============================================================================================================================================================
ITER 24:  Concluded flows:  28.57% | Optimal route:   0.00% | Avg Deviat from Dijk: 446.93% | EP count: 7
--------------------------------------------------------------------------------------------------------------------------------------------------------------
24     | 1   | 3     | 93025.81   | 16747.71   |    -     | 0       | 30      | 5        | -1.0000    | -4.0000    | -1.0000  | -0.0000  | -0.1333  | 0.3399  
24     | 2   | 5     | 76237.07   | 17678.77   |    -     | 0       | 27      | 6        | -1.0000    | -5.0000    | -1.0000  | -0.0000  | -0.1852  | 0.3884  
24     | 3   | 1     | 96504.28   | 11364.06   |  749.21% | 1       | 30      | 4        | 1.0000     | 0.0000     | -1.0000  | 1.0000   | 0.0000   | 0.2582  
24     | 4   | 5     | 34989.18   | 17090.38   |    -     | 0       | 16      | 5        | -1.0000    | -5.0000    | -1.0000  | -0.0000  | -0.3125  | 0.4635  
24     | 5   | 4     | 88925.02   | 5719.78    |    -     | 0       | 30      | 2        | -1.0000    | -5.0000    | -1.0000  | -0.0000  | -0.1667  | 0.3727  
24     | 6   | 1     | 33047.79   | 13507.82   |  144.66% | 1       | 11      | 4        | 1.0000     | 0.0000     | -1.0000  | 1.0000   | 0.0000   | 0.4264  
24     | 7   | 5     | 11013.35   | 16845.79   |    -     | 0       | 8       | 7        | -1.0000    | -5.0000    | -1.0000  | 0.0000   | -0.6250  | 0.4841  
==============================================================================================================================================================
ITER 25:  Concluded flows:  33.33% | Optimal route:  11.11% | Avg Deviat from Dijk:  10.96% | EP count: 9
--------------------------------------------------------------------------------------------------------------------------------------------------------------
25     | 1   | 5     | 72588.98   | 16654.02   |    -     | 0       | 28      | 5        | -1.0000    | -5.0000    | -1.0000  | -0.0000  | -0.1786  | 0.3830  
25     | 2   | 5     | 17986.42   | 16084.04   |    -     | 0       | 11      | 5        | -1.0000    | -5.0000    | -1.0000  | -0.0000  | -0.4545  | 0.4979  
25     | 3   | 1     | 5178.69    | 5178.69    |    0.00% | 1       | 3       | 2        | 1.0000     | 0.0000     | -1.0000  | 1.0000   | 0.0000   | 0.8165  
25     | 4   | 5     | 82463.35   | 11523.49   |    -     | 0       | 28      | 4        | -1.0000    | -5.0000    | -1.0000  | -0.0000  | -0.1786  | 0.3830  
25     | 5   | 5     | 47446.16   | 16290.70   |    -     | 0       | 20      | 6        | -1.0000    | -5.0000    | -1.0000  | -0.0000  | -0.2500  | 0.4330  
25     | 6   | 1     | 21562.83   | 18956.23   |   13.75% | 1       | 8       | 5        | 1.0000     | 0.0000     | -1.0000  | 1.0000   | 0.0000   | 0.5000  
25     | 7   | 0     | 17719.27   | 14874.80   |   19.12% | 1       | 5       | 5        | 1.0000     | 1.0000     | 0.0000   | 1.0000   | 0.2000   | 0.4000  
25     | 8   | 3     | 91993.11   | 24887.92   |    -     | 0       | 30      | 7        | -1.0000    | -3.0000    | -1.0000  | -0.0000  | -0.1000  | 0.3000  
25     | 9   | 2     | 95649.74   | 11027.35   |    -     | 0       | 30      | 3        | -1.0000    | -3.0000    | -1.0000  | -0.0000  | -0.1000  | 0.3000  
==============================================================================================================================================================
ITER 26:  Concluded flows:  28.57% | Optimal route:   0.00% | Avg Deviat from Dijk: 182.88% | EP count: 7
--------------------------------------------------------------------------------------------------------------------------------------------------------------
26     | 1   | 0     | 7235.71    | 6122.34    |   18.19% | 1       | 2       | 2        | 1.0000     | 1.0000     | 0.0000   | 1.0000   | 0.5000   | 0.5000  
26     | 2   | 4     | 88780.61   | 12806.98   |    -     | 0       | 30      | 4        | -1.0000    | -5.0000    | -1.0000  | -0.0000  | -0.1667  | 0.3727  
26     | 3   | 3     | 94499.87   | 21113.30   |  347.58% | 1       | 30      | 6        | 1.0000     | -2.0000    | -1.0000  | 1.0000   | -0.0667  | 0.3590  
26     | 4   | 5     | 46934.26   | 11217.74   |    -     | 0       | 19      | 3        | -1.0000    | -5.0000    | -1.0000  | -0.0000  | -0.2632  | 0.4403  
26     | 5   | 1     | 100032.22  | 15002.62   |    -     | 0       | 30      | 5        | -1.0000    | -2.0000    | -1.0000  | -0.0000  | -0.0667  | 0.2494  
26     | 6   | 3     | 94748.95   | 15180.12   |    -     | 0       | 30      | 5        | -1.0000    | -4.0000    | -1.0000  | -0.0000  | -0.1333  | 0.3399  
26     | 7   | 5     | 31127.37   | 2897.94    |    -     | 0       | 14      | 1        | -1.0000    | -5.0000    | -1.0000  | -0.0000  | -0.3571  | 0.4792  
==============================================================================================================================================================
ITER 27:  Concluded flows:  28.57% | Optimal route:   0.00% | Avg Deviat from Dijk: 315.62% | EP count: 7
--------------------------------------------------------------------------------------------------------------------------------------------------------------
27     | 1   | 1     | 32004.59   | 6245.04    |  412.48% | 1       | 10      | 2        | 1.0000     | 0.0000     | -1.0000  | 1.0000   | 0.0000   | 0.4472  
27     | 2   | 5     | 28579.82   | 15996.97   |    -     | 0       | 13      | 5        | -1.0000    | -5.0000    | -1.0000  | 0.0000   | -0.3846  | 0.4865  
27     | 3   | 1     | 99880.29   | 15243.37   |    -     | 0       | 30      | 5        | -1.0000    | -1.0000    | -1.0000  | -0.0000  | -0.0333  | 0.1795  
27     | 4   | 3     | 44315.76   | 13902.74   |  218.76% | 1       | 16      | 5        | 1.0000     | -2.0000    | -1.0000  | 1.0000   | -0.1250  | 0.4841  
27     | 5   | 4     | 84906.57   | 22187.28   |    -     | 0       | 30      | 8        | -1.0000    | -5.0000    | -1.0000  | -0.0000  | -0.1667  | 0.3727  
27     | 6   | 5     | 56876.17   | 16861.75   |    -     | 0       | 22      | 7        | -1.0000    | -5.0000    | -1.0000  | -0.0000  | -0.2273  | 0.4191  
27     | 7   | 0     | 101165.29  | 11174.85   |    -     | 0       | 30      | 4        | -1.0000    | -1.0000    | -1.0000  | -0.0000  | -0.0333  | 0.1795  
==============================================================================================================================================================
ITER 28:  Concluded flows:  28.57% | Optimal route:   0.00% | Avg Deviat from Dijk: 149.95% | EP count: 7
--------------------------------------------------------------------------------------------------------------------------------------------------------------
28     | 1   | 0     | 31487.62   | 13741.11   |  129.15% | 1       | 9       | 5        | 1.0000     | 1.0000     | 0.0000   | 1.0000   | 0.1111   | 0.3143  
28     | 2   | 2     | 100642.57  | 13800.10   |    -     | 0       | 30      | 5        | -1.0000    | -3.0000    | -1.0000  | -0.0000  | -0.1000  | 0.3000  
28     | 3   | 4     | 45712.98   | 16884.14   |  170.75% | 1       | 18      | 6        | 1.0000     | -3.0000    | -1.0000  | 1.0000   | -0.1667  | 0.5000  
28     | 4   | 2     | 89627.71   | 15184.52   |    -     | 0       | 30      | 5        | -1.0000    | -3.0000    | -1.0000  | -0.0000  | -0.1000  | 0.3000  
28     | 5   | 5     | 35262.38   | 13086.23   |    -     | 0       | 16      | 4        | -1.0000    | -5.0000    | -1.0000  | -0.0000  | -0.3125  | 0.4635  
28     | 6   | 4     | 88161.29   | 14853.10   |    -     | 0       | 30      | 5        | -1.0000    | -5.0000    | -1.0000  | -0.0000  | -0.1667  | 0.3727  
28     | 7   | 1     | 99404.37   | 14853.10   |    -     | 0       | 30      | 5        | -1.0000    | -2.0000    | -1.0000  | -0.0000  | -0.0667  | 0.2494  
==============================================================================================================================================================
ITER 29:  Concluded flows:  12.50% | Optimal route:   0.00% | Avg Deviat from Dijk:  94.01% | EP count: 8
--------------------------------------------------------------------------------------------------------------------------------------------------------------
29     | 1   | 5     | 50242.62   | 11311.91   |    -     | 0       | 21      | 4        | -1.0000    | -5.0000    | -1.0000  | -0.0000  | -0.2381  | 0.4259  
29     | 2   | 5     | 42529.20   | 15909.07   |    -     | 0       | 18      | 5        | -1.0000    | -5.0000    | -1.0000  | -0.0000  | -0.2778  | 0.4479  
29     | 3   | 5     | 62918.02   | 12798.44   |    -     | 0       | 23      | 4        | -1.0000    | -5.0000    | -1.0000  | -0.0000  | -0.2174  | 0.4125  
29     | 4   | 5     | 10917.30   | 13694.46   |    -     | 0       | 8       | 5        | -1.0000    | -5.0000    | -1.0000  | 0.0000   | -0.6250  | 0.4841  
29     | 5   | 5     | 24389.13   | 13647.48   |    -     | 0       | 12      | 5        | -1.0000    | -5.0000    | -1.0000  | 0.0000   | -0.4167  | 0.4930  
29     | 6   | 0     | 98620.91   | 16848.86   |    -     | 0       | 30      | 7        | -1.0000    | -1.0000    | -1.0000  | -0.0000  | -0.0333  | 0.1795  
29     | 7   | 2     | 95563.41   | 17656.51   |    -     | 0       | 30      | 6        | -1.0000    | -3.0000    | -1.0000  | -0.0000  | -0.1000  | 0.3000  
29     | 8   | 0     | 29990.08   | 15458.37   |   94.01% | 1       | 10      | 5        | 1.0000     | 1.0000     | -0.0000  | 1.0000   | 0.1000   | 0.3000  
==============================================================================================================================================================
ITER 30:  Concluded flows:  37.50% | Optimal route:   0.00% | Avg Deviat from Dijk: 117.58% | EP count: 8
--------------------------------------------------------------------------------------------------------------------------------------------------------------
30     | 1   | 0     | 16895.17   | 13756.90   |   22.81% | 1       | 5       | 5        | 1.0000     | 1.0000     | 0.0000   | 1.0000   | 0.2000   | 0.4000  
30     | 2   | 5     | 79686.66   | 11184.52   |    -     | 0       | 28      | 4        | -1.0000    | -5.0000    | -1.0000  | -0.0000  | -0.1786  | 0.3830  
30     | 3   | 5     | 38814.45   | 13803.35   |    -     | 0       | 17      | 5        | -1.0000    | -5.0000    | -1.0000  | -0.0000  | -0.2941  | 0.4556  
30     | 4   | 4     | 85319.54   | 20319.39   |    -     | 0       | 30      | 7        | -1.0000    | -4.0000    | -1.0000  | -0.0000  | -0.1333  | 0.3399  
30     | 5   | 0     | 59173.49   | 17048.48   |  247.09% | 1       | 18      | 5        | 1.0000     | 1.0000     | -0.0000  | 1.0000   | 0.0556   | 0.2291  
30     | 6   | 0     | 34530.26   | 18885.72   |   82.84% | 1       | 10      | 6        | 1.0000     | 1.0000     | -0.0000  | 1.0000   | 0.1000   | 0.3000  
30     | 7   | 2     | 95254.27   | 17656.51   |    -     | 0       | 30      | 6        | -1.0000    | -3.0000    | -1.0000  | -0.0000  | -0.1000  | 0.3000  
30     | 8   | 5     | 51841.77   | 15640.77   |    -     | 0       | 21      | 5        | -1.0000    | -5.0000    | -1.0000  | -0.0000  | -0.2381  | 0.4259  
